158 12163 18263
4
3044
1039
8814
11725
2029
154
2867
6847
3235
5489
6974
11306
10404
9826
1145
1874
8970
9893
3169
1492
9467
10916
10852
1578
14150
11601
6499
550
9402
9666
8222
2458
3217
11005
8712
1001
10770
13796
8934
319
10349
1030
9411
7238
6522
9942
8962
3786
13544
5358
13237
8541
9635
12112
949
14832
297
10241
10125
13884
11661
8784
5548
1331
5184
8331
10870
12499
3591
314
8641
7793
4487
12299
8520
3081
1865
3271
1767
2908
9017
1738
2648
3407
4090
14117
13560
1162
11544
1983
139
10561
1765
10877
1995
3191
7157
3224
7934
6612
13269
1098
4384
14956
13442
864
2474
3569
10344
4481
5168
2498
8818
12881
4123
13418
1791
11634
11611
3095
8405
12735
11914
13586
3937
5735
5979
13451
11585
4920
6986
13441
10969
7881
6423
5701
8213
1007
10879
14206
8551
2738
9533
6690
1538
7818
8943
2555
394
9677
1082
6374
3208
7496
8860
13469
486
