620 51024 51138
45942
46712
32936
21263
49626
47567
25165
4185
19955
38284
24792
20021
41722
20348
14484
11921
21405
2136
44443
14288
37303
46915
49636
47293
39451
29642
24403
27487
15762
19725
23872
19193
8092
16256
5045
48386
30732
44807
25895
29568
13662
47008
35974
39870
8148
14429
45909
4967
12518
48894
42535
12024
27394
43258
3984
24252
45806
27213
48734
24907
22228
10386
30262
33443
49030
17336
17692
44089
12433
47209
27464
28382
14497
39621
13363
29137
3635
40403
1031
25904
20783
8306
21310
42346
19886
9802
2009
6863
771
14796
12707
41081
31212
25357
31932
28225
2793
38236
32638
30946
15515
1124
45191
4980
18726
15050
16379
33373
901
20089
21452
3692
29473
47788
42128
22992
39828
1244
47283
17310
9669
37494
10813
23950
16449
25561
49188
34802
26863
20467
45255
29031
43719
24266
8483
44777
34593
6246
41520
13201
35761
47323
23279
46590
26463
22199
19191
24697
40046
13774
11318
37924
7587
13190
15541
13338
46761
11065
8419
41008
5798
47721
16102
34991
34636
32839
18472
42683
3277
49467
4116
44052
4004
1665
29767
39055
8677
266
43161
30220
44240
47062
46447
7710
17352
5346
33347
29789
45515
5373
11463
24407
323
23921
3994
17059
36163
15848
6616
12966
47069
17600
10660
47037
28839
10262
43587
26249
4889
14037
46637
7052
11235
32955
17918
42315
37915
39414
34654
13766
38741
3555
34804
42821
32344
19339
25035
10701
48832
33655
20017
3251
38650
43218
20145
30948
45359
30341
37087
29961
29627
27151
47067
19018
3839
1993
29253
35148
2848
5628
27271
34196
20482
30395
28754
27520
28157
39462
37335
42283
41129
15520
23720
762
10265
5844
8003
39577
19703
34355
42933
46129
43882
39380
32124
41650
32294
46904
36088
10007
43654
17334
23467
48307
49080
30223
19413
28758
26831
45870
8651
17046
27565
41034
29685
49395
24631
438
24032
14562
8410
13633
18301
39226
13639
4489
31703
8282
8130
17213
8916
35192
27189
45454
13142
11484
24120
9747
41874
9525
29478
38275
482
32232
45623
32582
22559
21703
45805
25402
44795
13305
37555
8682
12679
16144
3482
1175
3830
25614
23424
5761
40951
18928
13512
41609
21235
40535
15669
16385
12664
23391
43019
1830
32512
16536
43736
5342
9167
47084
871
41626
23170
44051
35010
1017
47431
34371
5961
15500
20526
1217
46122
30260
35434
41814
767
575
10158
27325
38803
27671
10244
41364
46906
3613
6683
34034
28440
26773
11469
46639
35043
38894
30895
42732
27249
10270
46566
44587
29036
47211
12037
7470
4940
42843
2104
30476
43136
47313
49441
17670
3666
20346
25813
17741
48993
18693
15409
9212
13605
30689
30466
38764
49468
19753
2374
36256
15561
21587
29277
37651
39057
32783
22817
17926
30327
28260
4703
49905
26559
39302
21097
21490
30954
37769
31408
7936
35927
12834
47724
16017
24001
5814
27594
12033
5267
25246
28830
4086
36134
16910
6850
39685
26884
49133
17276
40548
13164
31021
41183
17507
20922
41923
9187
22885
9171
7065
28483
46709
9555
26518
18918
17282
2805
10295
20500
13914
16218
4957
1084
36730
45300
31828
46624
8906
19325
23793
4801
14445
36651
31284
26499
44238
6399
23706
25489
534
23185
1355
25179
43217
17543
12578
36864
43052
2851
22363
15349
4240
15948
43571
15705
27346
36316
11996
10681
38111
8437
22633
23005
9996
34530
44732
13272
10292
4661
8364
29364
40147
485
47986
47771
9451
1150
26035
5238
7659
34303
16345
1026
14241
49756
46725
16758
31136
17620
2572
36709
2326
40369
12795
13829
47077
14902
39985
26492
10278
15182
40544
35357
33904
25682
36827
25216
3371
41338
1829
37595
1806
20845
7232
9586
26923
45547
24962
39976
48060
4486
15839
32863
8932
33664
9899
21906
23499
37509
10940
8439
8819
40675
37373
1554
5668
42631
30097
29427
39328
652
11487
24543
7263
27867
28789
29583
43050
18086
9765
46620
42524

